t_size	time_11_b_p	time_11_b_n	time_11_f	time_12_b_p	time_12_b_n	time_21_b_p	time_21_b_n	time_21_f	time_22_b_p	time_22_b_n	time_13_b_p	time_13_geam	time_15_b_p	time_15_f	time_51_b_n	time_51_f	time_61_b_n	time_61_f	time_11_pbyn	time_11_nbyp	time_12_pbyn	time_12_nbyp	time_21_pbyn	time_21_nbyp	time_22_pbyn	time_22_nbyp	time_11_fbyn	time_11_nbyf	time_11_fbyp	time_11_pbyf	time_21_fbyn	time_21_nbyf	time_21_fbyp	time_21_pbyf	time_15_fbyp	time_15_pbyf	time_51_fbyn	time_51_nbyf	time_61_fbyn	time_61_nbyf	time_13_trans_f	time_13_trans_p	time_13_trans_n
5	0.0105312	0.006928	0.0133696	0.0071616	0.0068576	0.0071264	0.0070592	0.0124896	0.0071808	0.0069184	0.0074688	0.0374624	0.0071296	0.0114624	0.0076352	0.0116832	0.0072864	0.011968	1.52009	0.657855	1.04433	0.957551	1.00952	0.99057	1.03793	0.963458	1.92979	0.518191	1.26952	0.787697	1.76927	0.565206	1.75258	0.570587	1.60772	0.621999	1.53018	0.65352	1.64251	0.608824	0.050832	0.0479936	0.0443904
6	0.0075648	0.0071104	0.0113056	0.0071488	0.0070016	0.0073632	0.0072224	0.012304	0.0072512	0.0070144	0.0074944	0.043856	0.007328	0.011136	0.0075488	0.0114976	0.0073504	0.0120832	1.06391	0.939932	1.02102	0.979409	1.01949	0.980878	1.03376	0.967343	1.59001	0.628927	1.4945	0.66912	1.70359	0.586996	1.67101	0.59844	1.51965	0.658046	1.5231	0.656554	1.64388	0.608316	0.0551616	0.0514208	0.0509664
7	0.0084384	0.0074912	0.0119616	0.007888	0.0074144	0.0076352	0.0075392	0.0134784	0.00744	0.0073536	0.0076992	0.0513696	0.007696	0.011584	0.0112704	0.0118656	0.007584	0.0123744	1.12644	0.887751	1.06388	0.939959	1.01273	0.987427	1.01175	0.988387	1.59675	0.626271	1.41752	0.705457	1.78778	0.559354	1.7653	0.566477	1.5052	0.664365	1.05281	0.949838	1.63165	0.612878	0.0633312	0.059808	0.0588608
8	0.0076672	0.0074816	0.0117888	0.00792	0.007328	0.0073376	0.0074784	0.0134464	0.007472	0.0072288	0.0076544	0.0584032	0.0075648	0.0116992	0.0077344	0.0115808	0.0075296	0.0121536	1.02481	0.975793	1.08079	0.925253	0.981172	1.01919	1.03364	0.967452	1.57571	0.634636	1.53756	0.65038	1.79803	0.556164	1.83253	0.545693	1.54653	0.646608	1.49731	0.667864	1.61411	0.619537	0.070192	0.0660704	0.0658848
9	0.007824	0.0076512	0.0115712	0.0076288	0.0076256	0.0078496	0.0077408	0.013616	0.007584	0.0076704	0.007824	0.0640864	0.0076736	0.01192	0.008016	0.012192	0.0077376	0.0125952	1.02258	0.977914	1.00042	0.999581	1.01406	0.986139	0.988736	1.01139	1.51234	0.661228	1.47894	0.676161	1.75899	0.568508	1.73461	0.576498	1.55338	0.643758	1.52096	0.65748	1.62779	0.614329	0.0756576	0.0719104	0.0717376
10	0.0078528	0.0076	0.0115872	0.0076608	0.007616	0.0077184	0.0076832	0.0134144	0.0077376	0.0075488	0.007712	0.0711616	0.0076576	0.0136256	0.0078784	0.0122208	0.0076288	0.012768	1.03326	0.967808	1.00588	0.994152	1.00458	0.995439	1.02501	0.9756	1.52463	0.655896	1.47555	0.677713	1.74594	0.572758	1.73798	0.575382	1.77936	0.562001	1.55118	0.644671	1.67366	0.597494	0.0827488	0.0790144	0.0787616
11	0.007728	0.0076832	0.0114016	0.0077088	0.0077216	0.0078176	0.0077824	0.0137152	0.0077856	0.0077344	0.0080032	0.0784288	0.008016	0.011632	0.0081792	0.0124704	0.007968	0.0129856	1.00583	0.994203	0.998342	1.00166	1.00452	0.995497	1.00662	0.993424	1.48396	0.67387	1.47536	0.6778	1.76234	0.567429	1.7544	0.569995	1.4511	0.689133	1.52465	0.655889	1.62972	0.613603	0.0898304	0.0861568	0.086112
12	0.0080704	0.0079616	0.011792	0.0079488	0.0079136	0.0077984	0.0079424	0.0137504	0.007808	0.0078016	0.0078912	0.0852992	0.0078336	0.0114816	0.008048	0.0122464	0.0078432	0.0127392	1.01367	0.986519	1.00445	0.995572	0.981869	1.01847	1.00082	0.99918	1.48111	0.67517	1.46114	0.684396	1.73127	0.577612	1.76323	0.56714	1.46569	0.682274	1.52167	0.657173	1.62423	0.615674	0.0970912	0.0933696	0.0932608
13	0.0082848	0.0080384	0.0120256	0.0081376	0.007952	0.0083072	0.008192	0.0140192	0.0082272	0.008176	0.0084352	0.093008	0.0090496	0.0122272	0.0087424	0.0131168	0.0083488	0.0134432	1.03065	0.970259	1.02334	0.977192	1.01406	0.986133	1.00626	0.993777	1.49602	0.668441	1.45153	0.68893	1.71133	0.584341	1.6876	0.592559	1.35113	0.74012	1.50037	0.666504	1.6102	0.621043	0.105034	0.101293	0.101046
14	0.0083616	0.0080928	0.01192	0.0081472	0.0078688	0.0081024	0.008336	0.0139968	0.008432	0.0080128	0.008352	0.100525	0.009376	0.0120672	0.0085888	0.0133632	0.008384	0.0137664	1.03321	0.967853	1.03538	0.965829	0.971977	1.02883	1.05232	0.950285	1.47291	0.678926	1.42556	0.701477	1.67908	0.595565	1.72749	0.578875	1.28703	0.776982	1.55589	0.64272	1.64198	0.609019	0.112445	0.108886	0.108618
15	0.0088064	0.0084608	0.011984	0.0084448	0.0084896	0.0083168	0.0085344	0.014048	0.0084704	0.0083584	0.0085408	0.107635	0.0097056	0.012304	0.0088512	0.0135776	0.0087104	0.0139424	1.04085	0.960756	0.994723	1.0053	0.974503	1.02616	1.0134	0.986778	1.41641	0.706008	1.36083	0.734846	1.64604	0.607517	1.68911	0.592027	1.26772	0.788817	1.53398	0.651897	1.60066	0.624742	0.119619	0.116442	0.116096
16	0.0085216	0.0116224	0.0122016	0.008528	0.0076096	0.0079936	0.0078816	0.0136672	0.0085696	0.0077408	0.0080736	0.114739	0.0094976	0.012128	0.0084512	0.0129024	0.0082432	0.0131072	0.733205	1.36388	1.12069	0.892308	1.01421	0.985989	1.10707	0.903286	1.04983	0.952531	1.43184	0.6984	1.73406	0.57668	1.70977	0.584875	1.27695	0.783113	1.52669	0.65501	1.59006	0.628906	0.126941	0.123261	0.126362
17	0.0114528	0.0108768	0.0194816	0.0112032	0.0105184	0.010688	0.0109728	0.0206656	0.0110944	0.0108032	0.0101856	0.121955	0.0115904	0.0185408	0.0115456	0.0202048	0.0111968	0.0201184	1.05296	0.949707	1.0651	0.938875	0.974045	1.02665	1.02696	0.973752	1.79111	0.558311	1.70103	0.587878	1.88335	0.530969	1.93353	0.517188	1.59967	0.62513	1.75	0.571429	1.7968	0.556545	0.141437	0.133408	0.132832
18	0.0112416	0.010592	0.0189984	0.0111168	0.010288	0.010864	0.0109216	0.0207328	0.0112448	0.0107456	0.0099296	0.128973	0.011712	0.0183584	0.0111264	0.020176	0.0115552	0.0207328	1.06133	0.942215	1.08056	0.925446	0.994726	1.0053	1.04646	0.955606	1.79366	0.557521	1.69001	0.591713	1.89833	0.526779	1.90839	0.524001	1.56749	0.637964	1.81334	0.551467	1.79424	0.557339	0.147971	0.140214	0.139565
19	0.0116224	0.0107872	0.0197024	0.0114336	0.0107104	0.010992	0.0111552	0.0208	0.0112192	0.0109056	0.0102112	0.13617	0.0119072	0.0182528	0.0114464	0.0201888	0.011584	0.020288	1.07743	0.928139	1.06752	0.936748	0.98537	1.01485	1.02876	0.972048	1.82646	0.547507	1.69521	0.589898	1.8646	0.536308	1.89229	0.528462	1.53292	0.652349	1.76377	0.566968	1.75138	0.570978	0.155872	0.147792	0.146957
20	0.011152	0.0107712	0.0189024	0.0112064	0.0105088	0.0107712	0.0108416	0.0206048	0.0112736	0.0106816	0.0101664	0.142461	0.0116704	0.0179744	0.0115136	0.0201664	0.0115744	0.0198592	1.03535	0.965854	1.06638	0.93775	0.993507	1.00654	1.05542	0.947488	1.7549	0.569832	1.69498	0.589978	1.90053	0.526169	1.91295	0.522752	1.54017	0.649279	1.75153	0.57093	1.71579	0.582823	0.161363	0.153613	0.153232
21	0.0118272	0.010512	0.0186016	0.0105216	0.0104	0.0108352	0.0109312	0.0206368	0.0111488	0.010752	0.0102976	0.149395	0.0121792	0.0181792	0.0113408	0.0201376	0.0111872	0.0200512	1.12511	0.888799	1.01169	0.988443	0.991218	1.00886	1.0369	0.964409	1.76956	0.565113	1.57278	0.635816	1.88788	0.529694	1.90461	0.525043	1.49264	0.669952	1.77568	0.563165	1.79233	0.557932	0.167997	0.161222	0.159907
22	0.0109408	0.0106304	0.01856	0.0109504	0.0103136	0.010784	0.010736	0.0203296	0.0110336	0.0107392	0.0102592	0.156301	0.0119424	0.0178368	0.011104	0.0200864	0.0110752	0.0199744	1.0292	0.971629	1.06174	0.941847	1.00447	0.995549	1.02741	0.973318	1.74594	0.572759	1.6964	0.589483	1.89359	0.528097	1.88516	0.530458	1.49357	0.669537	1.80893	0.552812	1.80352	0.55447	0.174861	0.167242	0.166931
23	0.0118336	0.0110816	0.0186112	0.011392	0.0110848	0.0117632	0.0113984	0.02024	0.0116064	0.0110624	0.0108992	0.163302	0.0128	0.0177408	0.0115744	0.019312	0.0114112	0.01944	1.06786	0.936452	1.02771	0.973034	1.032	0.968988	1.04918	0.953129	1.67947	0.595426	1.57274	0.635832	1.77569	0.563162	1.72062	0.581186	1.386	0.721501	1.66851	0.599337	1.70359	0.586996	0.181914	0.175136	0.174384
24	0.0115232	0.0107616	0.0183104	0.0112448	0.0108896	0.0115648	0.011184	0.0201664	0.0118816	0.0118496	0.0110912	0.170995	0.0127744	0.0176128	0.0115648	0.0189408	0.011584	0.018912	1.07077	0.933907	1.03262	0.968412	1.03405	0.967072	1.0027	0.997307	1.70146	0.587732	1.589	0.629325	1.80315	0.554586	1.74377	0.573469	1.37876	0.725291	1.6378	0.610576	1.6326	0.612521	0.189306	0.182518	0.181757
25	0.012832	0.0117696	0.018416	0.0118848	0.011104	0.0120224	0.0118016	0.0201184	0.0120736	0.0115424	0.0113728	0.177974	0.0133312	0.0180128	0.0125792	0.0203008	0.0126464	0.020096	1.09027	0.917207	1.07032	0.934303	1.01871	0.981634	1.04602	0.956003	1.56471	0.639096	1.43516	0.696785	1.70472	0.586607	1.67341	0.597582	1.35118	0.740096	1.61384	0.619641	1.58907	0.629299	0.19639	0.190806	0.189744
26	0.0131776	0.01272	0.019072	0.0126048	0.0118336	0.0119584	0.01224	0.0203936	0.0133088	0.0132256	0.0163776	0.186115	0.0135744	0.0185632	0.0127616	0.0203168	0.0134912	0.0215488	1.03597	0.965274	1.06517	0.938817	0.976993	1.02355	1.00629	0.993749	1.49937	0.666946	1.4473	0.69094	1.66614	0.600188	1.70538	0.58638	1.36752	0.731253	1.59203	0.62813	1.59725	0.626077	0.205187	0.199293	0.198835
27	0.0135104	0.012992	0.0196128	0.0135328	0.0128608	0.013504	0.013856	0.021232	0.014496	0.0126976	0.0130272	0.193859	0.0135456	0.0186784	0.0137696	0.0206848	0.0130112	0.0212672	1.0399	0.96163	1.05225	0.950343	0.974596	1.02607	1.14163	0.875938	1.50961	0.662425	1.45168	0.688856	1.53233	0.6526	1.57227	0.636021	1.37893	0.725201	1.50221	0.665687	1.63453	0.611797	0.213472	0.20737	0.206851
28	0.0133984	0.0131264	0.0193472	0.0128672	0.0123008	0.011584	0.0116832	0.0206336	0.012144	0.0116256	0.0112064	0.198726	0.0126624	0.0176352	0.0126656	0.0198784	0.0120448	0.0195936	1.02072	0.979699	1.04605	0.955981	0.991509	1.00856	1.04459	0.957312	1.47392	0.678465	1.44399	0.692524	1.76609	0.566222	1.78122	0.561414	1.39272	0.718019	1.56948	0.637154	1.62673	0.614731	0.218074	0.212125	0.211853
29	0.0118592	0.011712	0.0183232	0.0118816	0.0115552	0.0117056	0.0118752	0.0201248	0.0121568	0.0117152	0.0116768	0.205763	0.0132384	0.018432	0.0126912	0.0200672	0.0124288	0.0211424	1.01257	0.987588	1.02825	0.972529	0.985718	1.01449	1.03769	0.963675	1.56448	0.63919	1.54506	0.647223	1.69469	0.590078	1.71925	0.58165	1.39231	0.718229	1.58119	0.632435	1.70108	0.587861	0.224086	0.217622	0.217475
30	0.0132608	0.01304	0.0199456	0.0141216	0.0158304	0.0136416	0.0130848	0.020944	0.0134048	0.0134304	0.0130112	0.213843	0.0139488	0.0190464	0.0137536	0.0222176	0.0140192	0.0218304	1.01693	0.98335	0.892056	1.12101	1.04255	0.959184	0.998094	1.00191	1.52957	0.653778	1.5041	0.664848	1.60064	0.624752	1.5353	0.651337	1.36545	0.732359	1.6154	0.619041	1.55718	0.642187	0.233789	0.227104	0.226883
31	0.0148992	0.0147008	0.0201184	0.0151936	0.014688	0.0146528	0.0151552	0.0218752	0.0147808	0.0145728	0.014672	0.22159	0.0149856	0.0193408	0.015024	0.0216352	0.0145792	0.0214592	1.0135	0.986684	1.03442	0.966723	0.96685	1.03429	1.01427	0.985928	1.36852	0.730714	1.3503	0.740576	1.44341	0.692803	1.4929	0.669836	1.29063	0.774818	1.44004	0.694424	1.4719	0.679392	0.241709	0.23649	0.236291
32	0.0207136	0.0202368	0.0199584	0.0204032	0.02032	0.021856	0.0213504	0.0213376	0.0217952	0.0212768	0.0182144	0.228765	0.0180768	0.0192864	0.0194208	0.0204352	0.0211776	0.0197536	1.02356	0.976981	1.00409	0.995922	1.02368	0.976867	1.02436	0.976215	0.986243	1.01395	0.963541	1.03784	0.9994	1.0006	0.976281	1.0243	1.06691	0.937282	1.05223	0.95036	0.932759	1.07209	0.248723	0.249478	0.249002
33	0.0311328	0.0315744	0.0214432	0.0315456	0.0317152	0.040704	0.0408928	0.023872	0.0406528	0.0407872	0.0279936	0.267763	0.0286336	0.0204704	0.0311616	0.0235808	0.0391424	0.0219264	0.986014	1.01418	0.994653	1.00538	0.995383	1.00464	0.996705	1.00331	0.679132	1.47247	0.688766	1.45187	0.58377	1.713	0.586478	1.70509	0.714908	1.39878	0.756726	1.32148	0.56017	1.78517	0.289206	0.298896	0.299338
34	0.0300128	0.0302304	0.0202752	0.0308448	0.0300544	0.0404576	0.041232	0.0237088	0.0411168	0.0406752	0.028528	0.276346	0.0286848	0.0209152	0.0315392	0.023264	0.0415488	0.0236864	0.992802	1.00725	1.0263	0.974375	0.981219	1.01914	1.01086	0.98926	0.670689	1.491	0.675552	1.48027	0.57501	1.7391	0.586016	1.70644	0.729139	1.37148	0.737622	1.35571	0.570086	1.75412	0.296621	0.306358	0.306576
35	0.03216	0.0324	0.0213568	0.0323104	0.0316608	0.0428224	0.0417728	0.0242368	0.0426624	0.0413088	0.0287808	0.284381	0.0287392	0.0208768	0.0324832	0.0232928	0.0418144	0.02368	0.992593	1.00746	1.02052	0.979895	1.02513	0.97549	1.03277	0.968272	0.65916	1.51708	0.66408	1.50584	0.580205	1.72353	0.565984	1.76683	0.726422	1.37661	0.717072	1.39456	0.566312	1.76581	0.305738	0.316541	0.316781
36	0.0317536	0.0316288	0.0212032	0.0316128	0.0316768	0.04176	0.0405664	0.0228352	0.0405984	0.0407296	0.0279872	0.292138	0.0286112	0.0194912	0.030848	0.0213472	0.0407232	0.0214752	1.00395	0.99607	0.99798	1.00202	1.02942	0.971418	0.996779	1.00323	0.670376	1.4917	0.667742	1.49759	0.562909	1.77649	0.54682	1.82876	0.681244	1.4679	0.692012	1.44506	0.527346	1.89629	0.313341	0.323891	0.323766
37	0.0306368	0.0307232	0.0214048	0.0319072	0.0305824	0.04232	0.0422304	0.0237696	0.04256	0.0424576	0.0287776	0.300547	0.0286656	0.0241472	0.0331072	0.0248768	0.0437408	0.0266016	0.997188	1.00282	1.04332	0.95848	1.00212	0.997883	1.00241	0.997594	0.696698	1.43534	0.698663	1.43131	0.562855	1.77666	0.561664	1.78043	0.842376	1.18712	0.751402	1.33085	0.608164	1.64429	0.321952	0.331184	0.33127
38	0.0369248	0.0362112	0.025024	0.0362208	0.0358336	0.0429856	0.0433312	0.0238016	0.043104	0.0430976	0.0323552	0.312803	0.0318016	0.0210336	0.0366432	0.0233536	0.0428512	0.0236224	1.01971	0.980674	1.01081	0.98931	0.992024	1.00804	1.00015	0.999852	0.691057	1.44706	0.677702	1.47558	0.549295	1.82052	0.553711	1.806	0.661401	1.51194	0.637324	1.56906	0.551266	1.81401	0.337827	0.349728	0.349014
39	0.0397216	0.0389344	0.0210048	0.0397952	0.0389824	0.0434208	0.0438624	0.0242912	0.0432	0.0429632	0.0333024	0.316317	0.0341472	0.0203424	0.0388768	0.0227296	0.0430688	0.0224704	1.02022	0.980182	1.02085	0.979575	0.989932	1.01017	1.00551	0.994518	0.539492	1.8536	0.5288	1.89107	0.553805	1.80569	0.559437	1.78751	0.595727	1.67862	0.584657	1.7104	0.521733	1.91669	0.337322	0.356038	0.355251
40	0.0386816	0.0385856	0.0205472	0.03888	0.03888	0.0437312	0.043632	0.0241856	0.0431616	0.0431904	0.033712	0.324557	0.0334688	0.0195232	0.03872	0.0212224	0.0443392	0.0225856	1.00249	0.997518	1	1	1.00227	0.997732	0.999333	1.00067	0.53251	1.8779	0.531188	1.88257	0.554309	1.80405	0.553051	1.80815	0.583325	1.71431	0.548099	1.82449	0.509382	1.96316	0.345104	0.363238	0.363142
41	0.0397984	0.0398656	0.0210848	0.0402304	0.0400704	0.0446496	0.0448352	0.0238816	0.0439104	0.0436928	0.0352576	0.333424	0.0338688	0.0200544	0.0386592	0.0218208	0.0440544	0.022688	0.998314	1.00169	1.00399	0.996023	0.99586	1.00416	1.00498	0.995045	0.528897	1.89073	0.52979	1.88754	0.532653	1.8774	0.534867	1.86962	0.59212	1.68885	0.56444	1.77167	0.515	1.94175	0.354509	0.373222	0.37329
42	0.039328	0.0398976	0.019888	0.0398528	0.0393408	0.0447904	0.0450208	0.0232096	0.045136	0.0445184	0.0341664	0.341606	0.0351264	0.0204896	0.039392	0.0225792	0.0456352	0.0233696	0.985724	1.01448	1.01301	0.987153	0.994882	1.00514	1.01387	0.986317	0.498476	2.00611	0.505696	1.97747	0.515531	1.93975	0.518182	1.92982	0.583311	1.71435	0.573193	1.74461	0.512096	1.95276	0.361494	0.380934	0.381504
43	0.0404064	0.0407776	0.021088	0.040816	0.0407968	0.0452544	0.0452288	0.0239744	0.0461408	0.0452544	0.0356384	0.352829	0.0350272	0.0197824	0.0400896	0.0219488	0.0450304	0.0228032	0.990897	1.00919	1.00047	0.99953	1.00057	0.999434	1.01959	0.980789	0.517147	1.93369	0.521898	1.91608	0.530069	1.88655	0.529769	1.88761	0.564773	1.77062	0.547494	1.82651	0.506396	1.97474	0.373917	0.393235	0.393606
44	0.0406592	0.0407392	0.0235264	0.0407616	0.0409376	0.0457888	0.0459616	0.0254272	0.0466304	0.0463392	0.0351456	0.357552	0.03528	0.0227904	0.0404992	0.0235872	0.0465664	0.0244	0.998036	1.00197	0.995701	1.00432	0.99624	1.00377	1.00628	0.993755	0.577488	1.73164	0.578624	1.72824	0.553227	1.80758	0.555315	1.80078	0.645986	1.54802	0.582411	1.717	0.523983	1.90846	0.381078	0.398211	0.398291
45	0.0413952	0.0417024	0.023664	0.0414048	0.0415552	0.04656	0.0462784	0.0260992	0.0465152	0.0462816	0.0359776	0.366192	0.035936	0.0231072	0.0411776	0.0249856	0.0462976	0.0258656	0.992634	1.00742	0.996381	1.00363	1.00608	0.993952	1.00505	0.994978	0.567449	1.76227	0.571661	1.74929	0.563961	1.77317	0.56055	1.78396	0.64301	1.55519	0.606776	1.64805	0.558681	1.78993	0.389856	0.407587	0.407894
46	0.0415648	0.0426208	0.0237952	0.0423552	0.0421344	0.0473376	0.0471872	0.0263264	0.0473632	0.0473536	0.0364928	0.374394	0.0366144	0.0232512	0.0422272	0.025008	0.0471168	0.0260128	0.975223	1.02541	1.00524	0.994787	1.00319	0.996823	1.0002	0.999797	0.5583	1.79115	0.572484	1.74677	0.557914	1.79239	0.556141	1.7981	0.635029	1.57473	0.592225	1.68855	0.552092	1.81129	0.398189	0.415958	0.417014
47	0.0429856	0.0437568	0.0238208	0.04328	0.0431392	0.0478048	0.048096	0.02624	0.0481248	0.0483296	0.0380352	0.382154	0.0381888	0.0232544	0.0433632	0.0251744	0.0481216	0.0259392	0.982375	1.01794	1.00326	0.996747	0.993945	1.00609	0.995762	1.00426	0.544391	1.83692	0.554158	1.80454	0.545575	1.83293	0.548899	1.82183	0.608932	1.64222	0.580548	1.72251	0.539034	1.85517	0.405974	0.425139	0.42591
48	0.0413184	0.041424	0.0236288	0.0413504	0.0413248	0.0463232	0.0466176	0.0257728	0.0462048	0.0468704	0.0360096	0.387504	0.036	0.0229312	0.0411264	0.0239872	0.046784	0.0248608	0.997451	1.00256	1.00062	0.999381	0.993685	1.00636	0.985799	1.01441	0.570413	1.75311	0.571871	1.74865	0.552856	1.80879	0.556369	1.79737	0.636978	1.56991	0.583256	1.71451	0.531395	1.88184	0.411133	0.428822	0.428928
49	0.0505376	0.0518656	0.0279264	0.0509088	0.0509472	0.0592352	0.0599104	0.0334496	0.061104	0.0596928	0.0432608	0.401437	0.0433856	0.0268928	0.050864	0.0311232	0.0593728	0.0322816	0.974395	1.02628	0.999246	1.00075	0.98873	1.0114	1.02364	0.976905	0.538438	1.85722	0.552587	1.80967	0.558327	1.79106	0.564691	1.77088	0.619855	1.61328	0.611891	1.63428	0.54371	1.83921	0.429363	0.451974	0.453302
50	0.0508416	0.0512288	0.0278016	0.0510144	0.0508704	0.0605184	0.060976	0.034448	0.0607552	0.0597216	0.0432096	0.412176	0.0433216	0.026912	0.0518048	0.0329728	0.0610624	0.0344736	0.992442	1.00762	1.00283	0.997177	0.992495	1.00756	1.01731	0.982987	0.542695	1.84266	0.546828	1.82873	0.564944	1.77009	0.569215	1.7568	0.621214	1.60975	0.636482	1.57114	0.564563	1.77128	0.439978	0.463018	0.463405
51	0.052448	0.0525024	0.0279616	0.0523104	0.0518016	0.0624992	0.061472	0.034848	0.0614368	0.0614592	0.0444032	0.423539	0.0443456	0.02712	0.0526592	0.0333344	0.0620704	0.0344928	0.998964	1.00104	1.00982	0.990273	1.01671	0.983564	0.999636	1.00036	0.532578	1.87766	0.53313	1.87572	0.566892	1.764	0.557575	1.79348	0.61156	1.63516	0.633021	1.57973	0.555704	1.79952	0.451501	0.475987	0.476042
52	0.0534144	0.0528352	0.0277984	0.0536192	0.0525824	0.061488	0.0619904	0.0348896	0.0611104	0.0624448	0.0447744	0.428058	0.044816	0.0269024	0.0534848	0.032528	0.0618912	0.0339744	1.01096	0.989157	1.01972	0.980664	0.991896	1.00817	0.978631	1.02184	0.526134	1.90066	0.520429	1.92149	0.562823	1.77676	0.567421	1.76236	0.600286	1.66587	0.608173	1.64427	0.548938	1.8217	0.455856	0.481472	0.480893
53	0.0557216	0.0551296	0.0279712	0.055408	0.0551456	0.064256	0.063856	0.0351584	0.0643904	0.0641152	0.0474656	0.438742	0.0475104	0.0270368	0.0546944	0.0333728	0.0637824	0.0347104	1.01074	0.989376	1.00476	0.995264	1.00626	0.993775	1.00429	0.995726	0.507372	1.97094	0.501981	1.99211	0.550589	1.81624	0.547161	1.82761	0.569071	1.75725	0.610168	1.63889	0.5442	1.83756	0.466714	0.494464	0.493872
54	0.055616	0.0560768	0.0355552	0.0555968	0.0558144	0.06568	0.066096	0.0409824	0.0661984	0.0660288	0.0474336	0.446778	0.0477184	0.0344864	0.05576	0.0393696	0.0662464	0.0409152	0.991783	1.00829	0.996101	1.00391	0.993706	1.00633	1.00257	0.997438	0.634045	1.57718	0.639298	1.56422	0.620044	1.61279	0.623971	1.60264	0.722707	1.38369	0.706055	1.41632	0.617621	1.61911	0.482333	0.502394	0.502854
55	0.0567456	0.056384	0.0361952	0.0564672	0.0565792	0.0664512	0.0668192	0.0424064	0.0666464	0.0666976	0.0484256	0.456259	0.048208	0.035008	0.0562688	0.0408128	0.066672	0.0428448	1.00641	0.993628	0.99802	1.00198	0.994493	1.00554	0.999232	1.00077	0.641941	1.55778	0.63785	1.56777	0.634644	1.57569	0.638159	1.56701	0.726187	1.37706	0.725318	1.3787	0.642621	1.55613	0.492454	0.513005	0.512643
56	0.0562848	0.0567232	0.0373216	0.0562624	0.0564448	0.0655008	0.0659456	0.0435488	0.0658016	0.0659456	0.047552	0.468842	0.0473216	0.0353184	0.0556672	0.0397184	0.066032	0.041792	0.992271	1.00779	0.996768	1.00324	0.993255	1.00679	0.997816	1.00219	0.65796	1.51985	0.663085	1.5081	0.660375	1.51429	0.664859	1.50408	0.746348	1.33986	0.713497	1.40155	0.632905	1.58002	0.506163	0.525126	0.525565
57	0.058752	0.0584928	0.0383552	0.0585824	0.0586688	0.0682336	0.068096	0.0458176	0.06808	0.0682848	0.0496224	0.477942	0.0494176	0.0366464	0.0579808	0.0464192	0.0684224	0.0455904	1.00443	0.995588	0.998527	1.00147	1.00202	0.997983	0.997001	1.00301	0.655725	1.52503	0.652832	1.53179	0.672838	1.48624	0.671482	1.48924	0.741566	1.3485	0.800596	1.24907	0.666308	1.50081	0.516298	0.536694	0.536435
58	0.0594688	0.059744	0.0410816	0.0592736	0.05952	0.0688384	0.0691488	0.048256	0.069168	0.0689664	0.0502688	0.48433	0.0502976	0.0379296	0.0589216	0.0472032	0.0690272	0.0489056	0.995394	1.00463	0.99586	1.00416	0.995511	1.00451	1.00292	0.997085	0.687627	1.45428	0.690809	1.44758	0.697857	1.43296	0.701004	1.42653	0.754104	1.32608	0.801119	1.24825	0.708498	1.41144	0.525411	0.543798	0.544074
59	0.060464	0.0602528	0.043072	0.06016	0.0603168	0.0698848	0.0699552	0.049744	0.0697184	0.0698048	0.0512512	0.493408	0.051376	0.0397216	0.0605056	0.0476704	0.069904	0.0496096	1.00351	0.996507	0.9974	1.00261	0.998994	1.00101	0.998762	1.00124	0.714855	1.39889	0.712358	1.40379	0.711084	1.4063	0.7118	1.40489	0.773155	1.2934	0.787868	1.26925	0.709682	1.40908	0.53648	0.553872	0.553661
60	0.0630208	0.0626432	0.0435648	0.0624128	0.0622592	0.0703968	0.0699904	0.080768	0.0703136	0.0712256	0.053856	0.503907	0.0547168	0.0432256	0.0640032	0.047952	0.071312	0.0511872	1.00603	0.994008	1.00247	0.997539	1.00581	0.994227	0.987196	1.01297	0.695443	1.43793	0.691276	1.4466	1.15399	0.866561	1.14733	0.871593	0.789988	1.26584	0.749213	1.33473	0.717792	1.39316	0.547472	0.566928	0.56655
61	0.0666176	0.066976	0.0448	0.0667904	0.0663392	0.0828736	0.0820736	0.0738912	0.0831712	0.0826752	0.0585984	0.50481	0.0582464	0.0425632	0.066432	0.0514144	0.0837536	0.0543712	0.994649	1.00538	1.0068	0.993245	1.00975	0.990347	1.006	0.994036	0.668896	1.495	0.672495	1.487	0.900304	1.11074	0.891613	1.12156	0.730744	1.36847	0.77394	1.29209	0.64918	1.5404	0.54961	0.571427	0.571786
62	0.0664064	0.0664512	0.0447136	0.0665152	0.0664192	0.0840288	0.0832512	0.0950816	0.084816	0.0842176	0.0586592	0.537526	0.0580768	0.0435712	0.0661472	0.052432	0.0840416	0.0542176	0.999326	1.00067	1.00145	0.998557	1.00934	0.990746	1.00711	0.992945	0.672879	1.48615	0.673333	1.48515	1.1421	0.875576	1.13154	0.883755	0.750234	1.33292	0.792656	1.26158	0.645128	1.55008	0.58224	0.603933	0.603978
63	0.0679968	0.0686016	0.0454912	0.069296	0.0681248	0.0854752	0.0855232	0.0973888	0.0860448	0.0849152	0.0598624	0.539411	0.0599296	0.0437504	0.068352	0.0549504	0.0858272	0.0557216	0.991184	1.00889	1.01719	0.983099	0.999439	1.00056	1.0133	0.986872	0.663122	1.50802	0.66902	1.49472	1.13874	0.878163	1.13938	0.87767	0.73003	1.36981	0.803933	1.24389	0.64923	1.54029	0.584902	0.607408	0.608013
64	0.0613376	0.0612	0.0453312	0.061536	0.0617056	0.0781216	0.0788096	0.104198	0.079552	0.0788224	0.052896	0.524669	0.0535872	0.0440128	0.062304	0.0514592	0.0803392	0.0542176	1.00225	0.997757	0.997252	1.00276	0.99127	1.00881	1.00926	0.990829	0.740706	1.35006	0.739044	1.3531	1.32215	0.756342	1.3338	0.749739	0.82133	1.21754	0.825937	1.21075	0.674859	1.48179	0.57	0.586006	0.585869
65	0.140858	0.141235	0.0858304	0.14057	0.139965	0.172611	0.171178	0.116813	0.170384	0.17224	0.119219	0.561654	0.117901	0.0801088	0.140262	0.0903936	0.172522	0.0951264	0.997326	1.00268	1.00432	0.995697	1.00838	0.991695	0.989224	1.01089	0.607713	1.64551	0.609342	1.64112	0.682407	1.4654	0.676739	1.47767	0.679459	1.47176	0.644461	1.55168	0.551388	1.8136	0.647485	0.702512	0.70289
66	0.141824	0.142378	0.088832	0.141482	0.140902	0.174144	0.174634	0.117962	0.174038	0.174035	0.1204	0.56097	0.120275	0.0863808	0.141139	0.0938336	0.174579	0.100646	0.996112	1.0039	1.00411	0.995906	0.997196	1.00281	1.00002	0.999982	0.623918	1.60277	0.626354	1.59654	0.675481	1.48043	0.67738	1.47628	0.718193	1.39238	0.66483	1.50414	0.576509	1.73458	0.649802	0.702794	0.703347
67	0.145475	0.14481	0.0897824	0.144998	0.145158	0.177712	0.176557	0.118461	0.178477	0.176691	0.124899	0.56809	0.122992	0.0874144	0.145904	0.0959232	0.177584	0.102742	1.0046	0.995425	0.998898	1.0011	1.00654	0.9935	1.01011	0.989995	0.620003	1.6129	0.617166	1.62031	0.67095	1.49042	0.666589	1.50018	0.710732	1.407	0.65744	1.52105	0.578557	1.72844	0.657872	0.713565	0.712899
68	0.146922	0.145936	0.0921664	0.147514	0.146086	0.181562	0.178989	0.1176	0.179046	0.181238	0.12537	0.566173	0.125382	0.087104	0.145107	0.0975872	0.181731	0.103062	1.00675	0.993292	1.00977	0.990325	1.01437	0.98583	0.987906	1.01224	0.631554	1.5834	0.627317	1.59409	0.657024	1.52201	0.647714	1.54389	0.694707	1.43946	0.672518	1.48695	0.567115	1.76331	0.658339	0.713094	0.712109
69	0.151338	0.149469	0.096256	0.150979	0.15111	0.183914	0.184506	0.118666	0.183539	0.183693	0.127792	0.599366	0.128013	0.0919072	0.149763	0.100755	0.18472	0.106346	1.0125	0.987652	0.999132	1.00087	0.996791	1.00322	0.999164	1.00084	0.643987	1.55283	0.636035	1.57224	0.643154	1.55484	0.645225	1.54985	0.717953	1.39285	0.672763	1.48641	0.575712	1.73698	0.695622	0.750704	0.748835
70	0.153072	0.152547	0.0974784	0.152717	0.15239	0.187277	0.187046	0.120758	0.187866	0.186285	0.129802	0.609738	0.129162	0.0936896	0.152678	0.104134	0.187616	0.109437	1.00344	0.996572	1.00214	0.997863	1.00123	0.99877	1.00849	0.991586	0.639005	1.56493	0.636814	1.57032	0.645607	1.54893	0.644812	1.55084	0.725367	1.37861	0.682051	1.46617	0.583302	1.71438	0.707216	0.76281	0.762285
71	0.154861	0.15433	0.0983232	0.155043	0.155955	0.19024	0.188634	0.120358	0.189046	0.189942	0.132973	0.640835	0.132726	0.0940512	0.155946	0.108198	0.190275	0.113306	1.00344	0.99657	0.994152	1.00588	1.00852	0.991556	0.995283	1.00474	0.637099	1.56962	0.634913	1.57502	0.638054	1.56727	0.632666	1.58061	0.70861	1.41121	0.693821	1.44129	0.595483	1.67931	0.739158	0.795696	0.795165
72	0.15399	0.153642	0.099488	0.153725	0.153363	0.18753	0.187082	0.117814	0.187011	0.18672	0.132106	0.654205	0.131603	0.0952352	0.152474	0.105856	0.187318	0.112368	1.00227	0.997735	1.00236	0.997648	1.00239	0.997611	1.00156	0.998443	0.647533	1.54432	0.646066	1.54783	0.629749	1.58793	0.628244	1.59174	0.723654	1.38188	0.694258	1.44039	0.599877	1.66701	0.753693	0.808195	0.807846
73	0.161277	0.16016	0.104371	0.16087	0.16064	0.194672	0.193738	0.126934	0.195194	0.19559	0.138374	0.675898	0.137485	0.101472	0.160371	0.112685	0.195373	0.119549	1.00697	0.993075	1.00143	0.998568	1.00482	0.9952	0.997971	1.00203	0.651668	1.53452	0.647156	1.54522	0.655187	1.52628	0.652042	1.53364	0.73806	1.3549	0.70265	1.42318	0.611901	1.63425	0.780269	0.837174	0.836058
74	0.163853	0.164176	0.105981	0.16409	0.164336	0.197434	0.19984	0.127549	0.198646	0.197744	0.139568	0.661469	0.139741	0.103197	0.162848	0.116288	0.198893	0.121958	0.998031	1.00197	0.998501	1.0015	0.987958	1.01219	1.00456	0.995457	0.645532	1.54911	0.646805	1.54606	0.638255	1.56677	0.646034	1.54791	0.738487	1.35412	0.714089	1.40039	0.613187	1.63083	0.76745	0.825322	0.825645
75	0.167277	0.167034	0.108192	0.16711	0.165453	0.200845	0.200566	0.127558	0.201395	0.201965	0.144256	0.685834	0.143446	0.105949	0.165082	0.118995	0.200867	0.126483	1.00146	0.998546	1.01002	0.990081	1.00139	0.998614	0.99718	1.00283	0.647726	1.54386	0.646784	1.54611	0.635991	1.57235	0.635109	1.57453	0.738595	1.35392	0.720827	1.3873	0.629686	1.58809	0.794026	0.85311	0.852867
76	0.167757	0.167722	0.111901	0.166701	0.16697	0.202378	0.201699	0.128182	0.201408	0.202179	0.14433	0.702867	0.144384	0.108957	0.1684	0.120218	0.202064	0.126768	1.00021	0.99979	0.99839	1.00161	1.00336	0.996648	0.996186	1.00383	0.667182	1.49884	0.667042	1.49916	0.635513	1.57353	0.633382	1.57883	0.754632	1.32515	0.713881	1.40079	0.627366	1.59397	0.814768	0.870624	0.870589
77	0.171958	0.172752	0.115069	0.172182	0.17193	0.207776	0.206704	0.127731	0.207462	0.206742	0.148336	0.698106	0.147974	0.11081	0.171565	0.124717	0.207114	0.132589	0.995406	1.00462	1.00147	0.998532	1.00519	0.994841	1.00348	0.99653	0.666093	1.50129	0.669167	1.4944	0.617943	1.61827	0.614754	1.62667	0.748843	1.33539	0.726937	1.37564	0.640174	1.56207	0.813174	0.870064	0.870858
78	0.176035	0.175178	0.116432	0.173997	0.17343	0.209069	0.210582	0.129149	0.210931	0.209395	0.150182	0.695632	0.15073	0.111837	0.173504	0.129117	0.209866	0.136077	1.0049	0.995128	1.00327	0.996745	0.992812	1.00724	1.00734	0.992718	0.664651	1.50455	0.661413	1.51191	0.613293	1.63054	0.617734	1.61882	0.74197	1.34776	0.744172	1.34378	0.6484	1.54226	0.812064	0.871667	0.87081
79	0.177312	0.179331	0.121062	0.17983	0.178816	0.212922	0.215523	0.129712	0.21512	0.214944	0.153981	0.70791	0.153485	0.11567	0.179046	0.131936	0.21312	0.139174	0.98874	1.01139	1.00567	0.994359	0.987929	1.01222	1.00082	0.999182	0.675077	1.48131	0.682765	1.46463	0.601847	1.66155	0.609201	1.64149	0.753628	1.32692	0.736882	1.35707	0.653033	1.53132	0.828973	0.885222	0.887242
80	0.16936	0.169386	0.119709	0.168554	0.169123	0.202346	0.203667	0.122157	0.202528	0.203872	0.148374	0.727274	0.147341	0.116349	0.169994	0.129459	0.205667	0.136298	0.999849	1.00015	0.996632	1.00338	0.993511	1.00653	0.993408	1.00664	0.706724	1.41498	0.70683	1.41477	0.599786	1.66726	0.603704	1.65644	0.789658	1.26637	0.761553	1.31311	0.662709	1.50896	0.846982	0.896634	0.896659
81	0.207126	0.209251	0.13967	0.208893	0.208237	0.253715	0.255002	0.135146	0.254006	0.253702	0.174605	0.751296	0.175875	0.133206	0.206794	0.155181	0.25431	0.163386	0.989846	1.01026	1.00315	0.99686	0.994955	1.00507	1.0012	0.998803	0.667477	1.49818	0.674324	1.48297	0.529979	1.88687	0.532667	1.87735	0.757392	1.32032	0.750414	1.3326	0.642465	1.5565	0.890966	0.958422	0.960547
82	0.20855	0.209542	0.147098	0.209098	0.208483	0.255264	0.257792	0.135184	0.256019	0.255341	0.175312	0.752026	0.176627	0.139622	0.208224	0.157878	0.258173	0.167094	0.995266	1.00476	1.00295	0.997062	0.990194	1.0099	1.00266	0.99735	0.701994	1.42451	0.705334	1.41777	0.524392	1.90697	0.529585	1.88827	0.790492	1.26503	0.758214	1.31889	0.647219	1.54507	0.899123	0.960576	0.961568
83	0.212176	0.212451	0.147706	0.213027	0.213216	0.260768	0.261299	0.135706	0.26033	0.259946	0.180621	0.759155	0.180224	0.14032	0.213069	0.160192	0.260336	0.170102	0.998705	1.0013	0.999115	1.00089	0.997967	1.00204	1.00148	0.998525	0.695245	1.43834	0.696147	1.43648	0.51935	1.92549	0.520407	1.92157	0.778587	1.28438	0.751832	1.33008	0.653396	1.53047	0.906861	0.971331	0.971606
84	0.215162	0.213229	0.153213	0.213491	0.213795	0.262131	0.261347	0.150173	0.261091	0.261715	0.181229	0.763347	0.180925	0.14304	0.213507	0.162915	0.262938	0.171843	1.00906	0.991017	0.998578	1.00142	1.003	0.997009	0.997616	1.00239	0.718537	1.39172	0.712082	1.40433	0.57461	1.74031	0.572892	1.74553	0.790605	1.26485	0.763043	1.31054	0.653551	1.5301	0.91656	0.978509	0.976576
85	0.219632	0.22064	0.157507	0.220672	0.219565	0.26791	0.268442	0.138086	0.269322	0.267034	0.18615	0.7828	0.186218	0.148419	0.218893	0.167629	0.268774	0.178221	0.995432	1.00459	1.00504	0.994983	0.998021	1.00198	1.00857	0.991505	0.713865	1.40082	0.717141	1.39443	0.5144	1.94401	0.51542	1.94017	0.79702	1.25467	0.765803	1.30582	0.663087	1.5081	0.940307	1.00243	1.00344
86	0.221181	0.222573	0.156976	0.222048	0.221722	0.272454	0.271344	0.15063	0.270845	0.270234	0.18783	0.796323	0.186752	0.151254	0.221453	0.17168	0.270966	0.181552	0.993746	1.00629	1.00147	0.99853	1.00409	0.995924	1.00226	0.997743	0.705279	1.41788	0.709718	1.40901	0.555127	1.80139	0.552865	1.80876	0.809921	1.23469	0.775244	1.28992	0.670017	1.4925	0.953299	1.0175	1.0189
87	0.226986	0.226157	0.159542	0.225846	0.227238	0.275398	0.274765	0.163571	0.274864	0.275779	0.192262	0.789619	0.192422	0.156061	0.225846	0.175232	0.276256	0.186067	1.00366	0.996349	0.993874	1.00616	1.00231	0.997699	0.996682	1.00333	0.70545	1.41753	0.702875	1.42273	0.595314	1.67979	0.593944	1.68366	0.811032	1.233	0.77589	1.28884	0.673532	1.48471	0.949162	1.0166	1.01578
88	0.222883	0.223162	0.163363	0.223283	0.222816	0.270598	0.27151	0.167898	0.271158	0.271885	0.191421	0.805402	0.189718	0.156669	0.22313	0.172195	0.272374	0.183232	0.998752	1.00125	1.0021	0.997908	0.996641	1.00337	0.997328	1.00268	0.73204	1.36605	0.732954	1.36434	0.618384	1.61712	0.620468	1.61169	0.825797	1.21095	0.771727	1.29579	0.672721	1.4865	0.968765	1.02828	1.02856
89	0.232912	0.231882	0.166874	0.232381	0.23321	0.284211	0.284301	0.176717	0.285043	0.285456	0.197933	0.807283	0.197814	0.159645	0.232758	0.182976	0.284662	0.194966	1.00444	0.995576	0.996446	1.00357	0.999685	1.00032	0.998554	1.00145	0.71965	1.38956	0.716466	1.39574	0.621584	1.60879	0.62178	1.60829	0.807043	1.23909	0.78612	1.27207	0.684904	1.46006	0.974157	1.0402	1.03916
90	0.235302	0.235466	0.170435	0.23503	0.235894	0.287363	0.28825	0.198701	0.288214	0.288166	0.19985	0.811453	0.19961	0.163837	0.234646	0.187347	0.288176	0.198646	0.999307	1.00069	0.996337	1.00368	0.996925	1.00308	1.00017	0.999834	0.723822	1.38155	0.724324	1.3806	0.689336	1.45067	0.691462	1.44621	0.820786	1.21834	0.798424	1.25247	0.689323	1.4507	0.981888	1.04676	1.04692
91	0.24127	0.240739	0.175088	0.240496	0.241059	0.294058	0.293517	0.199738	0.293568	0.294432	0.205146	0.83337	0.20433	0.168358	0.24119	0.191594	0.29463	0.201747	1.00221	0.997798	0.997664	1.00234	1.00184	0.998161	0.997066	1.00294	0.727293	1.37496	0.725692	1.378	0.680498	1.46951	0.679246	1.47222	0.823955	1.21366	0.794367	1.25886	0.684747	1.46039	1.00846	1.07464	1.07411
92	0.241504	0.241053	0.176758	0.241142	0.242262	0.297002	0.294182	0.199802	0.293206	0.295392	0.205213	0.833018	0.204525	0.169802	0.241261	0.193267	0.297034	0.20296	1.00187	0.998132	0.995377	1.00464	1.00958	0.990508	0.992601	1.00745	0.733277	1.36374	0.731907	1.36629	0.679176	1.47237	0.672729	1.48648	0.830225	1.20449	0.801072	1.24833	0.68329	1.46351	1.00978	1.07452	1.07407
93	0.249786	0.247206	0.181981	0.24729	0.249699	0.301661	0.300634	0.200938	0.298973	0.30104	0.210186	0.849718	0.210493	0.175974	0.24777	0.198982	0.300755	0.211696	1.01043	0.989674	0.99035	1.00974	1.00342	0.996595	0.993133	1.00691	0.736149	1.35842	0.728548	1.37259	0.66838	1.49615	0.666104	1.50127	0.836011	1.19616	0.803095	1.24518	0.703881	1.42069	1.0317	1.0995	1.09692
94	0.25041	0.25209	0.184035	0.250736	0.251638	0.306614	0.306515	0.20225	0.306726	0.306246	0.214189	0.862099	0.212666	0.175894	0.251248	0.203523	0.307165	0.215094	0.993336	1.00671	0.996414	1.0036	1.00032	0.999676	1.00157	0.998435	0.730039	1.36979	0.734937	1.36066	0.659836	1.51553	0.659622	1.51602	0.827094	1.20905	0.810049	1.23449	0.700257	1.42805	1.04613	1.11251	1.11419
95	0.257315	0.257443	0.185293	0.257632	0.257597	0.313373	0.313299	0.202285	0.313181	0.312477	0.216618	0.86249	0.217248	0.181946	0.256221	0.208026	0.312051	0.220208	0.999503	1.0005	1.00014	0.999863	1.00023	0.999765	1.00225	0.997752	0.719743	1.38939	0.7201	1.3887	0.64566	1.5488	0.645508	1.54917	0.837502	1.19403	0.8119	1.23168	0.705679	1.41707	1.04778	1.1198	1.11993
96	0.226934	0.22759	0.189757	0.227091	0.227373	0.281341	0.282397	0.195728	0.282138	0.281459	0.187488	0.88455	0.187766	0.182618	0.226765	0.203229	0.28377	0.214349	0.997118	1.00289	0.998761	1.00124	0.996261	1.00375	1.00241	0.997595	0.833764	1.19938	0.836175	1.19592	0.693096	1.4428	0.695697	1.43741	0.972579	1.02819	0.89621	1.11581	0.755362	1.32387	1.07431	1.11148	1.11214
97	0.46136	0.461731	0.21584	0.460301	0.459446	0.571498	0.571472	0.211126	0.573005	0.57231	0.387187	0.886003	0.387312	0.20911	0.461101	0.239942	0.572275	0.255974	0.999196	1.0008	1.00186	0.998144	1.00004	0.999955	1.00121	0.998788	0.467458	2.13923	0.467834	2.13751	0.369443	2.70678	0.369427	2.7069	0.539902	1.85219	0.520369	1.92171	0.447292	2.23567	1.10184	1.34736	1.34773
98	0.4648	0.464752	0.224544	0.46439	0.46511	0.577786	0.579728	0.211709	0.576614	0.577165	0.391645	0.897251	0.390042	0.213462	0.46447	0.24417	0.57889	0.260269	1.0001	0.999897	0.998452	1.00155	0.996649	1.00336	0.999046	1.00095	0.483148	2.06976	0.483098	2.06997	0.365186	2.73833	0.366414	2.72915	0.547281	1.82721	0.525695	1.90225	0.4496	2.2242	1.1218	1.36205	1.362
99	0.47376	0.474451	0.226032	0.473782	0.474755	0.585238	0.583763	0.213907	0.585504	0.588342	0.400573	0.886634	0.399501	0.218106	0.474163	0.249328	0.588397	0.264384	0.998543	1.00146	0.997951	1.00205	1.00253	0.997479	0.995176	1.00485	0.476407	2.09904	0.477102	2.09599	0.366428	2.72905	0.365504	2.73595	0.545945	1.83169	0.525827	1.90176	0.449329	2.22554	1.11267	1.36039	1.36108
100	0.475926	0.473962	0.229331	0.473802	0.475683	0.591894	0.58369	0.21415	0.583686	0.591878	0.402051	0.899299	0.401059	0.221773	0.475619	0.248947	0.591622	0.265741	1.00415	0.995872	0.996044	1.00397	1.01406	0.986138	0.986159	1.01403	0.48386	2.06671	0.481863	2.07528	0.366891	2.72561	0.361805	2.76392	0.552968	1.80842	0.523417	1.91052	0.449173	2.22631	1.12863	1.37523	1.37326
101	0.487779	0.486771	0.234883	0.486938	0.487392	0.600976	0.601075	0.213965	0.599725	0.600928	0.412429	0.937549	0.411984	0.227402	0.487325	0.259216	0.601286	0.27497	1.00207	0.997934	0.999068	1.00093	0.999835	1.00017	0.997998	1.00201	0.482533	2.0724	0.481536	2.07669	0.35597	2.80923	0.356029	2.80876	0.551967	1.8117	0.531916	1.87999	0.457302	2.18674	1.17243	1.42533	1.42432
102	0.491702	0.492454	0.238246	0.492243	0.491648	0.604045	0.606781	0.216179	0.606432	0.605549	0.416966	0.92479	0.416672	0.228093	0.491958	0.264352	0.607034	0.281776	0.998473	1.00153	1.00121	0.998791	0.995491	1.00453	1.00146	0.998544	0.483794	2.067	0.484534	2.06384	0.356272	2.80684	0.357886	2.79419	0.547416	1.82677	0.537346	1.861	0.464185	2.15431	1.16304	1.41649	1.41724
103	0.501866	0.499386	0.243274	0.500448	0.501094	0.615283	0.614115	0.21768	0.612909	0.615946	0.424726	0.935306	0.423811	0.233773	0.499891	0.268058	0.615898	0.285898	1.00497	0.995058	0.99871	1.00129	1.0019	0.998102	0.99507	1.00495	0.487146	2.05277	0.484739	2.06297	0.354461	2.82118	0.353788	2.82655	0.551597	1.81292	0.536232	1.86486	0.464197	2.15426	1.17858	1.43717	1.43469
104	0.490192	0.49352	0.247357	0.491277	0.491213	0.600851	0.602186	0.213565	0.602589	0.599843	0.421072	0.956019	0.418963	0.238093	0.490253	0.263478	0.601171	0.279974	0.993257	1.00679	1.00013	0.99987	0.997784	1.00222	1.00458	0.995444	0.501209	1.99517	0.504612	1.98172	0.354649	2.81969	0.355437	2.81344	0.568291	1.75966	0.537434	1.86069	0.465715	2.14724	1.20338	1.44621	1.44954
105	0.514416	0.513946	0.253504	0.513088	0.514006	0.627622	0.626096	0.229024	0.625715	0.62649	0.436605	0.970963	0.436733	0.245027	0.51393	0.277891	0.63183	0.295882	1.00092	0.999086	0.998213	1.00179	1.00244	0.997568	0.998764	1.00124	0.493251	2.02737	0.4928	2.02922	0.365797	2.73376	0.364907	2.74042	0.561046	1.78238	0.540718	1.84939	0.468293	2.13542	1.22447	1.48538	1.48491
106	0.519466	0.52087	0.256707	0.520064	0.519904	0.633853	0.636886	0.247165	0.637318	0.634483	0.441763	0.979635	0.440976	0.247501	0.52009	0.282883	0.634595	0.301853	0.997303	1.0027	1.00031	0.999692	0.995237	1.00479	1.00447	0.995551	0.492843	2.02904	0.494176	2.02357	0.388083	2.57677	0.38994	2.56449	0.561257	1.78172	0.543912	1.83853	0.475662	2.10233	1.23634	1.4991	1.50051
107	0.529274	0.529837	0.261331	0.527869	0.528224	0.642934	0.643926	0.253466	0.64448	0.643158	0.448982	0.981082	0.449226	0.25096	0.527696	0.288192	0.644685	0.307158	0.998937	1.00106	0.999328	1.00067	0.99846	1.00154	1.00205	0.997949	0.49323	2.02745	0.493754	2.0253	0.393625	2.54049	0.394232	2.53657	0.55865	1.79003	0.546133	1.83106	0.476447	2.09887	1.24241	1.51036	1.51092
108	0.526515	0.526864	0.264685	0.527242	0.527635	0.644621	0.642074	0.254195	0.640736	0.64448	0.45056	0.978304	0.450822	0.256243	0.527814	0.28865	0.646173	0.308086	0.999338	1.00066	0.999254	1.00075	1.00397	0.996049	0.994191	1.00584	0.502378	1.99053	0.502711	1.98922	0.395897	2.52591	0.394333	2.53593	0.568391	1.75935	0.546877	1.82856	0.476786	2.09738	1.24299	1.50482	1.50517
109	0.542829	0.543178	0.270653	0.542198	0.541824	0.657398	0.659194	0.292189	0.659642	0.656576	0.462618	0.987139	0.462637	0.260576	0.541654	0.299629	0.659264	0.318131	0.999358	1.00064	1.00069	0.999309	0.997277	1.00273	1.00467	0.995353	0.498277	2.00692	0.498597	2.00563	0.443252	2.25605	0.444462	2.24991	0.563241	1.77544	0.553173	1.80775	0.482555	2.0723	1.25779	1.52997	1.53032
110	0.546381	0.549846	0.274723	0.548285	0.546733	0.661962	0.666794	0.295206	0.666979	0.663898	0.466922	0.993075	0.465904	0.266627	0.548035	0.305949	0.663917	0.325718	0.993697	1.00634	1.00284	0.997169	0.992753	1.0073	1.00464	0.99538	0.499636	2.00146	0.502805	1.98884	0.442725	2.25874	0.445957	2.24237	0.572279	1.7474	0.558265	1.79126	0.490601	2.03832	1.2678	1.53946	1.54292
111	0.556666	0.561174	0.278502	0.560115	0.558957	0.671331	0.677098	0.296678	0.677574	0.673238	0.477117	1.01812	0.47665	0.270416	0.558835	0.310995	0.673741	0.331613	0.991965	1.0081	1.00207	0.997932	0.991484	1.00859	1.00644	0.993601	0.496285	2.01497	0.500305	1.99878	0.438162	2.28226	0.441925	2.26282	0.567327	1.76265	0.556506	1.79693	0.492196	2.03171	1.29662	1.57478	1.57929
112	0.523942	0.52424	0.284803	0.524214	0.524154	0.632848	0.632733	0.288909	0.631994	0.633139	0.460899	1.03137	0.451942	0.271462	0.524653	0.302886	0.635731	0.323024	0.999432	1.00057	1.00012	0.999884	1.00018	0.999818	0.998191	1.00181	0.543269	1.84071	0.543577	1.83966	0.456605	2.19008	0.456522	2.19048	0.600657	1.66484	0.577308	1.73218	0.508114	1.96806	1.31617	1.55531	1.55561
113	0.625267	0.627565	0.320013	0.62879	0.628067	0.766918	0.774605	0.306474	0.770675	0.766941	0.525878	1.03083	0.523997	0.309661	0.62625	0.353488	0.767466	0.378992	0.996339	1.00367	1.00115	0.99885	0.990077	1.01002	1.00487	0.995154	0.509928	1.96106	0.511802	1.95388	0.395652	2.52748	0.399617	2.5024	0.590959	1.69216	0.564452	1.77163	0.493823	2.02502	1.35084	1.6561	1.6584
114	0.630656	0.632269	0.325539	0.63071	0.629802	0.772915	0.777226	0.309651	0.77641	0.771942	0.527146	1.05692	0.527725	0.313603	0.630458	0.358646	0.774694	0.383898	0.997449	1.00256	1.00144	0.998559	0.994454	1.00558	1.00579	0.994246	0.514875	1.94222	0.516191	1.93727	0.398406	2.51	0.400628	2.49608	0.594255	1.68278	0.568867	1.75788	0.495547	2.01797	1.38246	1.68758	1.68919
115	0.639859	0.641885	0.331206	0.640646	0.641286	0.784602	0.786179	0.311638	0.786189	0.784698	0.536794	1.05521	0.536598	0.315622	0.641712	0.365104	0.787539	0.390598	0.996844	1.00317	0.999002	1.001	0.997993	1.00201	1.0019	0.998103	0.51599	1.93802	0.517624	1.9319	0.396396	2.52273	0.397193	2.51767	0.588191	1.70013	0.568953	1.75761	0.495973	2.01624	1.38641	1.69507	1.69709
116	0.64023	0.639507	0.337926	0.639472	0.641328	0.787738	0.785664	0.311523	0.784102	0.787834	0.538477	1.05568	0.537363	0.321898	0.641763	0.363638	0.788429	0.39127	1.00113	0.99887	0.997106	1.0029	1.00264	0.997368	0.995264	1.00476	0.528417	1.89245	0.52782	1.89459	0.396509	2.52201	0.395466	2.52866	0.599032	1.66936	0.566624	1.76484	0.496266	2.01505	1.3936	1.69591	1.69518
117	0.655549	0.657626	0.340234	0.658394	0.657578	0.804413	0.804512	0.316803	0.804003	0.801622	0.551562	1.069	0.55175	0.328166	0.655744	0.376483	0.804483	0.403043	0.996842	1.00317	1.00124	0.998761	0.999877	1.00012	1.00297	0.997039	0.517367	1.93286	0.519006	1.92676	0.393783	2.53947	0.393832	2.53916	0.594773	1.68131	0.574131	1.74176	0.500996	1.99602	1.40923	1.72454	1.72662
118	0.661002	0.662582	0.347187	0.661248	0.660694	0.810413	0.813462	0.318083	0.813872	0.811354	0.555184	1.07678	0.554886	0.335222	0.661462	0.382579	0.813914	0.409146	0.997614	1.00239	1.00084	0.999163	0.996251	1.00376	1.0031	0.996906	0.523991	1.90843	0.525244	1.90388	0.391024	2.55739	0.392495	2.5478	0.604128	1.65528	0.578384	1.72896	0.502689	1.9893	1.42397	1.73779	1.73937
119	0.671328	0.670806	0.354803	0.670394	0.670602	0.821005	0.819523	0.319488	0.821171	0.823414	0.565078	1.08605	0.565434	0.341549	0.67481	0.38936	0.825123	0.41687	1.00078	0.999223	0.99969	1.00031	1.00181	0.998195	0.997276	1.00273	0.52892	1.89064	0.528509	1.89211	0.389846	2.56511	0.389143	2.56975	0.604048	1.6555	0.576992	1.73312	0.505222	1.97933	1.44085	1.75738	1.75685
120	0.658374	0.658784	0.358294	0.656317	0.656426	0.80233	0.803306	0.313146	0.802973	0.802867	0.558614	1.09318	0.553962	0.342576	0.657798	0.381789	0.80544	0.409085	0.999378	1.00062	0.999834	1.00017	0.998785	1.00122	1.00013	0.999869	0.543872	1.83867	0.544211	1.83752	0.389821	2.56528	0.390295	2.56216	0.618411	1.61705	0.580404	1.72294	0.507902	1.96888	1.45147	1.75155	1.75196
121	0.689565	0.687853	0.36503	0.688518	0.690352	0.842502	0.839645	0.332765	0.83951	0.843014	0.579914	1.10283	0.580538	0.353203	0.688266	0.401667	0.842806	0.431226	1.00249	0.997517	0.997344	1.00266	1.0034	0.996608	0.995844	1.00417	0.530681	1.88437	0.529363	1.88906	0.396316	2.52324	0.394972	2.53183	0.608407	1.64364	0.583593	1.71352	0.511654	1.95444	1.46786	1.7924	1.79068
122	0.69359	0.695411	0.368816	0.693837	0.693274	0.848237	0.849936	0.333965	0.849616	0.849475	0.58321	1.1142	0.583955	0.356611	0.692739	0.408515	0.850067	0.437795	0.997382	1.00263	1.00081	0.999188	0.998001	1.002	1.00017	0.999834	0.530357	1.88552	0.531749	1.88059	0.392929	2.54499	0.393716	2.5399	0.610682	1.63751	0.58971	1.69575	0.515012	1.9417	1.48301	1.80779	1.80961
123	0.70609	0.705878	0.376765	0.704739	0.706832	0.861392	0.861043	0.34568	0.861158	0.862208	0.593878	1.12324	0.59344	0.362029	0.705197	0.41463	0.861955	0.444038	1.0003	0.999701	0.997039	1.00297	1.00041	0.999595	0.998783	1.00122	0.533753	1.87353	0.533593	1.87409	0.401467	2.49087	0.401304	2.49188	0.610051	1.63921	0.587964	1.70078	0.515153	1.94117	1.5	1.82933	1.82912
124	0.704186	0.701091	0.381904	0.701424	0.70512	0.86992	0.859459	0.364381	0.85847	0.868541	0.596474	1.15388	0.594157	0.365546	0.705802	0.416323	0.868608	0.444886	1.00441	0.995606	0.994758	1.00527	1.01217	0.987975	0.988405	1.01173	0.544728	1.83578	0.542334	1.84388	0.423965	2.35868	0.418867	2.38739	0.615234	1.6254	0.589859	1.69532	0.512183	1.95243	1.53579	1.85807	1.85498
125	0.723414	0.720861	0.389651	0.721338	0.722013	0.880224	0.878477	0.405363	0.878131	0.880966	0.608141	1.15116	0.608013	0.376701	0.722189	0.427715	0.880688	0.45848	1.00354	0.99647	0.999065	1.00094	1.00199	0.998015	0.996782	1.00323	0.540536	1.85002	0.538628	1.85657	0.461439	2.16714	0.460523	2.17145	0.619561	1.61405	0.592248	1.68848	0.520593	1.92089	1.54081	1.87457	1.87202
126	0.727318	0.727629	0.393146	0.727501	0.726758	0.889856	0.890253	0.408714	0.888797	0.890634	0.614045	1.14943	0.613133	0.382566	0.727347	0.435587	0.890781	0.466426	0.999573	1.00043	1.00102	0.998979	0.999554	1.00045	0.997938	1.00207	0.540311	1.85079	0.540541	1.85	0.459098	2.17818	0.459303	2.17721	0.623954	1.60268	0.598871	1.66981	0.523614	1.9098	1.54258	1.87675	1.87706
127	0.742918	0.742598	0.401021	0.741043	0.742586	0.904189	0.905514	0.411613	0.90504	0.904566	0.624259	1.16254	0.623123	0.385907	0.742141	0.442912	0.906374	0.474317	1.00043	0.999569	0.997923	1.00208	0.998537	1.00147	1.00052	0.999477	0.540024	1.85177	0.539791	1.85257	0.454563	2.19992	0.455229	2.1967	0.619311	1.6147	0.596803	1.67559	0.523312	1.91091	1.56356	1.90546	1.90514
128	0.656592	0.655894	0.302467	0.656275	0.655392	0.820035	0.819971	0.401091	0.820003	0.819709	0.534845	1.16691	0.535242	0.303923	0.655994	0.43207	0.824336	0.463661	1.00106	0.998938	1.00135	0.998654	1.00008	0.999922	1.00036	0.999641	0.461152	2.16848	0.460662	2.17079	0.489153	2.04435	0.489115	2.04451	0.567824	1.76111	0.65865	1.51826	0.562466	1.77789	1.46938	1.8235	1.8228
129	1.18819	1.18709	0.518192	1.1913	1.19177	1.47645	1.475	0.683741	1.46817	1.46989	0.994589	1.18114	0.995741	0.534163	1.19212	0.717933	1.47336	0.771318	1.00093	0.999073	0.999605	1.00039	1.00098	0.99902	0.998827	1.00117	0.436523	2.29083	0.436118	2.29296	0.463553	2.15725	0.463098	2.15937	0.536448	1.86411	0.60223	1.6605	0.523511	1.91018	1.69933	2.36933	2.36823
130	1.19693	1.19401	0.521946	1.19651	1.19665	1.48293	1.48312	0.690045	1.48019	1.48297	1.00651	1.18362	1.00558	0.543744	1.20006	0.730138	1.48464	0.784445	1.00245	0.997557	0.999877	1.00012	0.999871	1.00013	0.998123	1.00188	0.437138	2.28761	0.43607	2.29321	0.465265	2.14931	0.465325	2.14904	0.540728	1.84936	0.608417	1.64361	0.528373	1.8926	1.70557	2.38055	2.37763
131	1.21632	1.21446	0.533869	1.21284	1.21597	1.49695	1.49296	0.700656	1.4935	1.49969	1.02184	1.19536	1.02252	0.553699	1.21487	0.741578	1.49766	0.797027	1.00153	0.998471	0.997429	1.00258	1.00267	0.997334	0.995869	1.00415	0.439594	2.27482	0.438922	2.27831	0.469308	2.1308	0.468057	2.13649	0.541504	1.84671	0.610417	1.63822	0.532183	1.87905	1.72923	2.41168	2.40982
132	1.21619	1.20937	0.535312	1.20659	1.21287	1.50719	1.48877	0.720259	1.48951	1.50824	1.02691	1.2106	1.02472	0.571334	1.21804	0.744973	1.50761	0.799485	1.00564	0.994393	0.994824	1.0052	1.01237	0.987779	0.987582	1.01257	0.442636	2.25919	0.440154	2.27193	0.483794	2.06699	0.477882	2.09257	0.557552	1.79356	0.611618	1.63501	0.530301	1.88572	1.74591	2.42679	2.41997
133	1.243	1.24167	0.542925	1.23913	1.24024	1.52053	1.5194	0.732486	1.52661	1.52751	1.04814	1.21426	1.04809	0.560653	1.24352	0.764294	1.52512	0.821158	1.00107	0.998934	0.999105	1.0009	1.00075	0.999255	0.999413	1.00059	0.437254	2.287	0.436788	2.28944	0.482089	2.07431	0.48173	2.07585	0.534927	1.86942	0.614623	1.62701	0.538423	1.85727	1.75719	2.45726	2.45593
134	1.25068	1.25323	0.552192	1.25004	1.25066	1.53285	1.53664	0.742698	1.53676	1.53556	1.05528	1.22846	1.05372	0.563082	1.25047	0.776294	1.53352	0.834592	0.997965	1.00204	0.999504	1.0005	0.99753	1.00248	1.00079	0.999215	0.440616	2.26955	0.441514	2.26493	0.483325	2.069	0.484521	2.06389	0.534376	1.87134	0.6208	1.61082	0.544232	1.83745	1.78065	2.47914	2.48169
135	1.26936	1.26576	0.560525	1.26515	1.27207	1.55281	1.54678	0.750989	1.54734	1.55426	1.07125	1.22865	1.07147	0.567942	1.2699	0.788781	1.55244	0.846611	1.00284	0.997164	0.994556	1.00547	1.00389	0.996122	0.995549	1.00447	0.442837	2.25817	0.441581	2.26459	0.485516	2.05966	0.483633	2.06768	0.530061	1.88657	0.621137	1.60995	0.545344	1.8337	1.78918	2.49801	2.49441
136	1.23889	1.24179	0.552746	1.241	1.23708	1.51105	1.5146	0.750659	1.51606	1.5128	1.06475	1.24089	1.05453	0.594003	1.24138	0.778816	1.51352	0.837997	0.997668	1.00234	1.00317	0.996841	0.997657	1.00235	1.00215	0.997851	0.445122	2.24658	0.446162	2.24134	0.495617	2.01769	0.496781	2.01296	0.563288	1.77529	0.627381	1.59393	0.553673	1.80612	1.79363	2.47978	2.48267
137	1.29576	1.29302	0.58521	1.29289	1.29644	1.57711	1.57369	0.793421	1.57562	1.58066	1.10015	1.25949	1.09895	0.617414	1.29814	0.813814	1.5826	0.874669	1.00212	0.997886	0.997265	1.00274	1.00218	0.997829	0.996811	1.0032	0.452591	2.2095	0.451634	2.21418	0.504179	1.98342	0.503084	1.98774	0.561823	1.77992	0.626906	1.59514	0.552677	1.80938	1.8447	2.55525	2.55251
138	1.30145	1.30561	0.586685	1.30644	1.30422	1.58823	1.59657	0.801722	1.59327	1.58841	1.1059	1.26123	1.10484	0.623421	1.30488	0.826493	1.59034	0.888006	0.996814	1.0032	1.0017	0.9983	0.994779	1.00525	1.00306	0.996947	0.449358	2.2254	0.450794	2.21831	0.502154	1.99142	0.504789	1.98102	0.564263	1.77222	0.633386	1.57882	0.558377	1.79091	1.84791	2.56267	2.56683
139	1.32387	1.32637	0.606365	1.32368	1.32227	1.60378	1.60527	0.812224	1.60891	1.60647	1.12373	1.27184	1.12411	0.627408	1.32294	0.840413	1.6097	0.901968	0.998116	1.00189	1.00107	0.998934	0.999075	1.00093	1.00152	0.99848	0.457161	2.18741	0.458024	2.18329	0.505974	1.97638	0.506443	1.97456	0.55814	1.79167	0.635261	1.57416	0.560334	1.78465	1.8782	2.59571	2.59821
140	1.31943	1.31902	0.618634	1.31698	1.3199	1.60464	1.59848	0.835219	1.59616	1.60318	1.12427	1.28436	1.12354	0.64592	1.3203	0.840758	1.60625	0.904042	1.00031	0.99969	0.997789	1.00222	1.00386	0.996157	0.995621	1.0044	0.469011	2.13215	0.468865	2.13281	0.522509	1.91384	0.520501	1.92122	0.574896	1.73945	0.636795	1.57036	0.562828	1.77674	1.903	2.60379	2.60338
141	1.3503	1.35315	0.626883	1.35292	1.35216	1.63472	1.63888	0.845971	1.63633	1.63365	1.14929	1.28371	1.14881	0.650179	1.35056	0.864525	1.63143	0.92935	0.997891	1.00211	1.00056	0.999437	0.997464	1.00254	1.00164	0.998361	0.463276	2.15854	0.464256	2.15399	0.516189	1.93728	0.517501	1.93236	0.565961	1.76691	0.640122	1.5622	0.569655	1.75545	1.91059	2.63401	2.63686
142	1.35613	1.36297	0.642816	1.36201	1.35703	1.63914	1.64976	0.856618	1.64884	1.63845	1.15454	1.28993	1.15308	0.655814	1.35987	0.877856	1.64409	0.942842	0.994987	1.00504	1.00367	0.996344	0.99356	1.00648	1.00634	0.993696	0.47163	2.12031	0.474006	2.10968	0.519237	1.9259	0.522602	1.9135	0.568748	1.75825	0.645543	1.54908	0.573472	1.74376	1.93275	2.64607	2.6529
143	1.38002	1.38765	0.650157	1.38872	1.3828	1.66404	1.67865	0.870794	1.6716	1.66197	1.17589	1.3037	1.17656	0.657818	1.38387	0.892794	1.66515	0.957133	0.9945	1.00553	1.00428	0.995735	0.991294	1.00878	1.00579	0.99424	0.46853	2.13433	0.471122	2.12259	0.518747	1.92772	0.523302	1.91094	0.559101	1.78859	0.645142	1.55005	0.574804	1.73972	1.95386	2.68372	2.69135
144	1.29463	1.29623	0.637891	1.29557	1.29654	1.55953	1.56092	0.85968	1.55552	1.55856	1.14277	1.30765	1.11646	0.673971	1.29638	0.875235	1.5605	0.940096	0.998761	1.00124	0.999252	1.00075	0.99911	1.00089	0.998047	1.00196	0.492111	2.03206	0.492722	2.02954	0.550753	1.8157	0.551243	1.81408	0.603666	1.65655	0.675136	1.48118	0.602432	1.65994	1.94554	2.60228	2.60388
145	1.51213	1.51999	0.699261	1.5201	1.51712	1.84495	1.85972	0.919872	1.85496	1.84364	1.26965	1.32782	1.26798	0.719443	1.51452	0.997773	1.85129	1.07194	0.994832	1.0052	1.00197	0.998038	0.992054	1.00801	1.00614	0.993895	0.460044	2.17371	0.462434	2.16247	0.494628	2.02172	0.49859	2.00566	0.567393	1.76245	0.658805	1.5179	0.579022	1.72705	2.02708	2.83996	2.84781
146	1.52014	1.52721	0.706278	1.52249	1.5184	1.85368	1.86589	0.938698	1.86588	1.85627	1.27751	1.33872	1.27622	0.73048	1.51884	1.01079	1.85954	1.08667	0.995369	1.00465	1.00269	0.997318	0.993459	1.00658	1.00518	0.994845	0.462463	2.16233	0.464615	2.15232	0.503084	1.98774	0.506396	1.97474	0.572376	1.7471	0.665504	1.50262	0.584376	1.71123	2.045	2.85886	2.86593
147	1.54461	1.54545	0.711824	1.54724	1.54528	1.88253	1.88774	0.95048	1.87933	1.87448	1.29305	1.34502	1.29155	0.733478	1.54569	1.02614	1.8838	1.10258	0.99946	1.00054	1.00127	0.998728	0.997237	1.00277	1.00259	0.997415	0.460593	2.17111	0.460843	2.16994	0.5035	1.9861	0.504896	1.98061	0.567906	1.76085	0.663873	1.50631	0.585293	1.70855	2.05684	2.88964	2.89047
148	1.53978	1.5363	0.717296	1.53285	1.53626	1.87916	1.87253	0.964013	1.86867	1.87766	1.29395	1.36014	1.29354	0.746317	1.54084	1.02813	1.88832	1.10499	1.00226	0.997743	0.997784	1.00222	1.00354	0.996473	0.995208	1.00482	0.466898	2.14179	0.465844	2.14664	0.514819	1.94243	0.513003	1.94931	0.576959	1.73323	0.667254	1.49868	0.585171	1.7089	2.07743	2.89991	2.89644
149	1.57567	1.57795	0.726138	1.57503	1.57232	1.91257	1.91734	0.972755	1.91693	1.91079	1.31939	1.36512	1.31935	0.752586	1.57483	1.05316	1.9194	1.13017	0.998554	1.00145	1.00173	0.998277	0.997512	1.00249	1.00321	0.996798	0.460177	2.17308	0.460844	2.16993	0.507346	1.97104	0.508612	1.96614	0.570423	1.75309	0.668747	1.49533	0.588814	1.69833	2.09126	2.94079	2.94307
150	1.58102	1.58634	0.730173	1.58355	1.5819	1.9286	1.93636	0.986989	1.93914	1.93447	1.32869	1.37658	1.32823	0.760912	1.58416	1.06936	1.93819	1.14542	0.996645	1.00337	1.00104	0.998961	0.995996	1.00402	1.00241	0.997596	0.460287	2.17256	0.461836	2.16527	0.509714	1.96188	0.511763	1.95403	0.572875	1.74558	0.675031	1.48141	0.590976	1.69212	2.10675	2.9576	2.96292
151	1.60605	1.60336	0.745814	1.59944	1.60306	1.94876	1.94284	0.995814	1.94533	1.9532	1.3478	1.38299	1.34789	0.768874	1.60848	1.0808	1.95888	1.16203	1.00168	0.998322	0.997742	1.00226	1.00305	0.996959	0.99597	1.00405	0.465157	2.14981	0.464377	2.15342	0.512556	1.951	0.510998	1.95696	0.570428	1.75307	0.671938	1.48823	0.593212	1.68574	2.1288	2.98904	2.98635
152	1.5647	1.56599	0.742109	1.56398	1.5662	1.89956	1.9041	1.00223	1.90388	1.90164	1.33525	1.39886	1.32256	0.761232	1.56503	1.06547	1.91194	1.14624	0.999177	1.00082	0.99858	1.00142	0.997615	1.00239	1.00118	0.998823	0.473892	2.11019	0.474283	2.10845	0.526354	1.89986	0.527612	1.89533	0.575576	1.73739	0.680796	1.46887	0.59952	1.668	2.14097	2.96356	2.96485
153	1.63949	1.63657	0.794208	1.6336	1.63874	1.9968	1.98875	1.0632	1.98159	1.99162	1.37514	1.38915	1.37462	0.840003	1.6387	1.11181	2.00019	1.19502	1.00179	0.998218	0.996864	1.00315	1.00405	0.995968	0.994963	1.00506	0.485288	2.06063	0.484423	2.06431	0.534608	1.87053	0.532453	1.8781	0.611079	1.63645	0.678472	1.4739	0.597454	1.67377	2.18336	3.02864	3.02572
154	1.64436	1.6474	0.802579	1.65033	1.64772	2.00919	2.01566	1.07899	2.00983	2.00855	1.38812	1.41541	1.38557	0.823661	1.64823	1.12735	2.00244	1.2075	0.998155	1.00185	1.00159	0.998414	0.996792	1.00322	1.00064	0.999362	0.487181	2.05263	0.488081	2.04884	0.535303	1.8681	0.537026	1.86211	0.594457	1.68221	0.683978	1.46203	0.603015	1.65833	2.21799	3.05976	3.0628
155	1.66641	1.66556	0.81072	1.66614	1.66708	2.02863	2.02638	1.09087	2.03082	2.04224	1.40485	1.42307	1.40434	0.858019	1.67812	1.14243	2.04917	1.22649	1.00051	0.999489	0.999438	1.00056	1.00111	0.998893	0.994405	1.00563	0.486757	2.05441	0.486508	2.05546	0.538336	1.85758	0.53774	1.85964	0.610977	1.63672	0.680779	1.46891	0.598532	1.67075	2.23379	3.08948	3.08862
156	1.67061	1.66341	0.816224	1.66075	1.67036	2.05693	2.02977	1.10827	2.03101	2.05981	1.40785	1.42508	1.40469	0.875485	1.66924	1.14053	2.06101	1.22821	1.00433	0.99569	0.994241	1.00579	1.01338	0.986795	0.98602	1.01418	0.490693	2.03793	0.488578	2.04676	0.546008	1.83147	0.538798	1.85598	0.623259	1.60447	0.683266	1.46356	0.595927	1.67806	2.24131	3.0957	3.0885
157	1.71165	1.70984	0.835651	1.70592	1.70913	2.0866	2.07836	1.11637	2.08846	2.09566	1.43704	1.44489	1.43492	0.883699	1.70917	1.17076	2.08136	1.25732	1.00106	0.998942	0.998122	1.00188	1.00396	0.996051	0.996563	1.00345	0.488732	2.04611	0.488214	2.04828	0.537139	1.86171	0.535018	1.8691	0.615853	1.62376	0.684984	1.45989	0.604083	1.6554	2.28054	3.15654	3.15473
158	1.71075	1.71084	0.844122	1.71581	1.71697	2.1005	2.10183	1.12553	2.10273	2.10641	1.44253	1.44687	1.44048	0.880061	1.71674	1.18571	2.10565	1.27308	0.999946	1.00005	0.999329	1.00067	0.999367	1.00063	0.998256	1.00175	0.493395	2.02678	0.493421	2.02667	0.535497	1.86742	0.535837	1.86624	0.610951	1.63679	0.690675	1.44786	0.604604	1.65398	2.291	3.15763	3.15772
159	1.74345	1.74303	0.851923	1.74586	1.7477	2.13385	2.13422	1.14882	2.13372	2.13418	1.4652	1.45942	1.46455	0.922582	1.7486	1.20311	2.13309	1.29319	1.00024	0.999756	0.998949	1.00105	0.999826	1.00017	0.999789	1.00021	0.488761	2.04599	0.488641	2.04649	0.538286	1.85775	0.538379	1.85743	0.629944	1.58744	0.688043	1.4534	0.606252	1.64948	2.31134	3.20287	3.20244
160	1.5331	1.53404	0.835197	1.53534	1.53704	1.92131	1.92072	1.14653	1.92498	1.92417	1.25761	1.45181	1.25932	0.895814	1.53706	1.18234	1.92717	1.26964	0.999389	1.00061	0.998897	1.0011	1.0003	0.999695	1.00042	0.999581	0.544443	1.83674	0.544776	1.83562	0.596927	1.67525	0.596745	1.67576	0.711347	1.40578	0.769224	1.30001	0.658808	1.51789	2.28701	2.98492	2.98585
161	2.58686	2.58577	0.916976	2.5836	2.58632	3.19999	3.19692	1.22118	3.19987	3.19852	2.16208	1.4699	2.16395	0.97423	2.59119	1.33313	3.20449	1.43438	1.00042	0.999578	0.998948	1.00105	1.00096	0.999041	1.00042	0.999578	0.354624	2.81988	0.354475	2.82107	0.381987	2.61789	0.381621	2.6204	0.450209	2.22119	0.514486	1.94369	0.447616	2.23406	2.38688	4.05676	4.05567
162	2.59778	2.59699	0.922224	2.59651	2.59807	3.21319	3.21299	1.23422	3.20939	3.21682	2.17853	1.49121	2.17381	0.980614	2.60388	1.34769	3.21961	1.45207	1.0003	0.999698	0.999399	1.0006	1.00006	0.999937	0.997688	1.00232	0.355112	2.81601	0.355005	2.81686	0.384136	2.60325	0.384112	2.60341	0.451104	2.21678	0.517572	1.9321	0.451007	2.21726	2.41343	4.08898	4.0882
163	2.63542	2.63077	0.931347	2.62861	2.63411	3.24468	3.2345	1.24491	3.23867	3.24756	2.20971	1.51372	2.20735	0.98111	2.63828	1.36612	3.2438	1.46973	1.00177	0.998237	0.997914	1.00209	1.00315	0.996861	0.997262	1.00275	0.354021	2.82469	0.353396	2.82968	0.384885	2.59818	0.383677	2.60636	0.444474	2.24985	0.517806	1.93122	0.45309	2.20707	2.44507	4.14914	4.14449
164	2.61784	2.60686	0.940195	2.6069	2.61705	3.25304	3.20889	1.26414	3.21221	3.25688	2.21317	1.50231	2.20743	0.995443	2.63002	1.36419	3.26004	1.46805	1.00421	0.995804	0.996119	1.0039	1.01376	0.986429	0.986285	1.01391	0.360662	2.77268	0.359149	2.78436	0.393949	2.5384	0.388602	2.57333	0.45095	2.21754	0.518698	1.9279	0.450318	2.22065	2.44251	4.12015	4.10917
165	2.67355	2.67009	0.961686	2.67786	2.67901	3.28821	3.28402	1.28099	3.28195	3.28733	2.24807	1.51969	2.24952	1.00855	2.68695	1.39985	3.29865	1.50636	1.00129	0.998707	0.99957	1.00043	1.00128	0.998725	0.998363	1.00164	0.36017	2.77647	0.359705	2.78006	0.390068	2.56366	0.389571	2.56693	0.448341	2.23044	0.520983	1.91945	0.456659	2.18982	2.48138	4.19324	4.18978
166	2.68566	2.69153	0.980013	2.69131	2.68858	3.29412	3.30315	1.29513	3.29519	3.29178	2.26033	1.52794	2.25534	1.04346	2.69196	1.41773	3.30556	1.52323	0.99782	1.00219	1.00102	0.998985	0.997267	1.00274	1.00104	0.998965	0.36411	2.74643	0.364905	2.74044	0.392091	2.55043	0.393165	2.54346	0.462662	2.1614	0.526656	1.89877	0.460808	2.1701	2.50795	4.2136	4.21947
167	2.7289	2.72089	0.994064	2.72455	2.73062	3.34308	3.32774	1.30704	3.31845	3.33478	2.29273	1.53538	2.29296	1.06512	2.7255	1.43254	3.33482	1.54135	1.00294	0.997065	0.997777	1.00223	1.00461	0.995412	0.995101	1.00492	0.365346	2.73713	0.364273	2.74519	0.392771	2.54601	0.390969	2.55775	0.464515	2.15278	0.525605	1.90257	0.462198	2.16357	2.52944	4.26427	4.25626
168	2.65071	2.65788	0.992624	2.65898	2.6531	3.2284	3.2351	1.30693	3.23463	3.22631	2.27615	1.55594	2.24986	1.06582	2.6623	1.41062	3.24532	1.51854	0.997301	1.00271	1.00222	0.997788	0.99793	1.00207	1.00258	0.997428	0.373464	2.67763	0.374475	2.6704	0.403985	2.47534	0.404823	2.47021	0.473727	2.11092	0.529851	1.88732	0.467919	2.13712	2.54857	4.20665	4.21382
169	2.7698	2.76611	1.03634	2.76813	2.77194	3.37892	3.36844	1.37962	3.35673	3.3691	2.33589	1.55124	2.33393	1.12504	2.77218	1.46783	3.38719	1.57929	1.00133	0.998669	0.998627	1.00137	1.00311	0.996896	0.996327	1.00369	0.374657	2.66911	0.374159	2.67266	0.409572	2.44157	0.4083	2.44918	0.482039	2.07452	0.529485	1.88863	0.466252	2.14476	2.58758	4.32103	4.31734
170	2.78124	2.79104	1.04103	2.78521	2.77871	3.38684	3.40382	1.38861	3.39346	3.38236	2.34797	1.55516	2.34736	1.14592	2.78638	1.48433	3.38873	1.59782	0.996486	1.00353	1.00234	0.997666	0.995013	1.00501	1.00328	0.996731	0.372989	2.68105	0.374304	2.67163	0.407958	2.45124	0.410002	2.43901	0.488175	2.04844	0.532709	1.8772	0.47151	2.12084	2.59619	4.3364	4.3462
171	2.81223	2.81766	1.05294	2.82556	2.8213	3.42439	3.43027	1.42081	3.42769	3.41773	2.38028	1.56909	2.37979	1.15882	2.81815	1.5015	3.429	1.61925	0.998073	1.00193	1.00151	0.998493	0.998285	1.00172	1.00291	0.997095	0.373694	2.67599	0.374416	2.67083	0.414197	2.41431	0.414908	2.41017	0.48694	2.05364	0.532798	1.87688	0.472223	2.11764	2.62204	4.38132	4.38675
172	2.8036	2.802	1.05665	2.79789	2.8005	3.41065	3.39491	1.43365	3.40681	3.42194	2.3878	1.57468	2.38557	1.1929	2.80198	1.50285	3.4217	1.62037	1.00057	0.999429	0.999069	1.00093	1.00464	0.995384	0.99558	1.00444	0.377106	2.65177	0.376891	2.65329	0.422294	2.36802	0.420344	2.379	0.500047	1.99981	0.536353	1.86445	0.473558	2.11167	2.63133	4.37828	4.37668
173	2.8687	2.87184	1.07808	2.86923	2.8653	3.47105	3.47787	1.44539	3.47389	3.46553	2.42288	1.60249	2.42293	1.21866	2.86883	1.53994	3.47761	1.65652	0.998906	1.0011	1.00137	0.998629	0.998038	1.00197	1.00241	0.997593	0.375397	2.66385	0.375808	2.66094	0.415595	2.40619	0.416412	2.40147	0.50297	1.98819	0.536781	1.86296	0.47634	2.09934	2.68057	4.47119	4.47434
174	2.87415	2.88677	1.08301	2.88072	2.87208	3.47543	3.50045	1.46522	3.50457	3.48323	2.44105	1.60751	2.4356	1.20859	2.88073	1.55932	3.48899	1.67884	0.995628	1.00439	1.00301	0.997001	0.992853	1.0072	1.00612	0.993912	0.375164	2.6655	0.376812	2.65385	0.418581	2.38902	0.421595	2.37195	0.496217	2.01525	0.541295	1.84742	0.481184	2.07821	2.69052	4.48166	4.49428
175	2.91893	2.93652	1.09818	2.9318	2.92127	3.52153	3.55064	1.47783	3.54531	3.5215	2.47581	1.60239	2.47133	1.24691	2.91819	1.57699	3.52389	1.69871	0.99401	1.00603	1.00361	0.996408	0.9918	1.00827	1.00676	0.993284	0.373972	2.674	0.376226	2.65798	0.416214	2.40261	0.419655	2.38291	0.50455	1.98196	0.5404	1.85048	0.482055	2.07445	2.70056	4.52132	4.53891
176	2.73779	2.74104	1.08358	2.73803	2.73807	3.29014	3.2922	1.48789	3.28199	3.28267	2.41221	1.62387	2.35144	1.21589	2.73354	1.54371	3.28311	1.66742	0.998816	1.00119	0.999984	1.00002	0.999373	1.00063	0.999795	1.0002	0.395319	2.5296	0.395788	2.52661	0.451945	2.21266	0.452229	2.21127	0.517084	1.93392	0.56473	1.77076	0.507878	1.96898	2.70745	4.36166	4.36491
177	3.15427	3.17258	1.18913	3.16524	3.15228	3.84296	3.87329	1.56904	3.86379	3.84283	2.638	1.63196	2.63385	1.30073	3.1568	1.73243	3.84981	1.86831	0.99423	1.0058	1.00411	0.995906	0.992169	1.00789	1.00545	0.994575	0.374815	2.66798	0.37699	2.65259	0.405093	2.46857	0.40829	2.44924	0.493852	2.0249	0.548791	1.82219	0.4853	2.06058	2.82109	4.78624	4.80454
178	3.15331	3.16836	1.194	3.17532	3.16354	3.86649	3.89311	1.58309	3.88069	3.86058	2.64644	1.6411	2.64246	1.3223	3.1618	1.75356	3.87428	1.88714	0.99525	1.00477	1.00373	0.996288	0.993163	1.00688	1.00521	0.994817	0.376852	2.65356	0.378651	2.64096	0.40664	2.45918	0.40944	2.44236	0.500407	1.99837	0.55461	1.80307	0.487094